sensors:
  rgb_world:
    x: 0.0002097900603844198
    y: -2.4453153226145296e-06
    z: 0.030003151025125272
    roll: -7.217210736348384e-05
    pitch: 0.0009485762183716539
    yaw: -0.0009903447975734335
