rgb_world_pitch: 0.0008392938827892956
rgb_world_roll: 1.787873806744924e-05
rgb_world_x: 0.00018422549328598914
rgb_world_y: -8.687126147423204e-05
rgb_world_yaw: -6.426180673872235e-05
rgb_world_z: 0.03082428267298673
