sensors:
  rgb_world:
    x: 0.00016217990171165565
    y: -7.145197012276274e-05
    z: 0.029180073996584944
    roll: 0.0001059440677299414
    pitch: -0.0005218871975451083
    yaw: -0.0002774171857096381
